0,1,1,1,1,1,1,0.7,1,1,1,1,1,0.85,0.85,1,1,0.85,0.7,1,1,0.55,1,0.85,0.85,0.7,1,1,1,1,0.8,1,1,1,1,1
1,0,0.85,1,0.55,0.85,0.46,0.85,1,1,1,1,0.85,1,0.85,0.85,1,0.46,0.85,1,1,0.85,1,1,1,0.85,1,1,1,1,1,1,1,1,0.5,1
1,0.85,0,0.85,1,0.7,0.25,0.85,1,0.5,1,0.85,1,0.85,0.46,0.85,0.61,0.85,0.61,1,0.43,0.85,1,1,1,0.85,0.7,1,1,1,1,1,1,1,1,1
1,1,0.85,0,1,0.85,0.85,0.55,1,0.85,0.85,1,0.85,0.7,0.4,0.7,0.5,1,1,0.85,1,1,1,1,1,0.85,0.5,1,1,1,1,1,1,1,1,1
1,0.55,1,1,0,0.26,0.85,0.4,1,0.7,1,0.7,0.85,0.85,1,0.7,0.85,0.85,0.85,0.85,1,1,0.7,1,1,1,1,1,1,0.8,1,1,1,1,1,1
1,0.85,0.7,0.85,0.26,0,0.7,0.7,0.85,0.85,0.7,0.7,1,0.61,1,0.7,0.85,0.61,0.85,1,1,1,1,1,0.85,1,1,1,1,0.8,1,1,1,1,1,1
1,0.46,0.25,0.85,0.85,0.7,0,1,1,0.55,1,1,1,0.7,0.7,0.85,0.55,0.5,0.55,0.85,1,1,1,1,1,0.85,1,1,1,1,1,1,1,1,1,1
0.7,0.85,0.85,0.55,0.4,0.7,1,0,1,1,0.61,1,0.5,0.61,1,0.85,0.85,0.61,0.85,0.85,0.85,0.85,0.85,0.85,0.85,0.85,1,1,1,1,1,1,1,1,1,1
1,1,1,1,1,0.85,1,1,0,0.85,1,0.35,1,1,1,0.7,1,1,1,0.5,1,1,1,1,1,1,1,0.2,1,1,1,1,1,0.7,1,1
1,1,0.5,0.85,0.7,0.85,0.55,1,0.85,0,1,0.85,1,0.7,1,1,0.55,1,0.61,1,0.5,0.85,1,1,1,0.7,1,1,1,0.7,1,1,1,1,1,1
1,1,1,0.85,1,0.7,1,0.61,1,1,0,0.7,0.85,0.46,1,1,0.85,0.7,0.85,1,1,0.61,0.7,0.26,0.5,0.85,1,1,1,1,1,1,1,1,1,1
1,1,0.85,1,0.7,0.7,1,1,0.35,0.85,0.7,0,1,1,1,1,1,0.85,0.85,0.37,0.85,0.85,1,0.85,1,0.55,1,0.6,1,1,1,1,1,1,1,1
1,0.85,1,0.85,0.85,1,1,0.5,1,1,0.85,1,0,0.19,1,1,1,0.85,1,1,0.85,1,0.19,0.7,1,0.7,1,1,1,1,1,1,1,1,1,1
0.85,1,0.85,0.7,0.85,0.61,0.7,0.61,1,0.7,0.46,1,0.19,0,1,1,1,1,0.85,0.85,1,0.85,0.31,0.7,1,1,1,1,1,1,1,1,1,1,1,1
0.85,0.85,0.46,0.4,1,1,0.7,1,1,1,1,1,1,1,0,1,0.28,0.85,1,1,0.7,1,1,1,0.7,0.85,0.1,1,1,1,1,1,1,1,1,1
1,0.85,0.85,0.7,0.7,0.7,0.85,0.85,0.7,1,1,1,1,1,1,0,0.5,0.33,0.85,0.85,1,1,0.85,0.85,0.85,1,1,1,1,1,1,1,1,1,1,1
1,1,0.61,0.5,0.85,0.85,0.55,0.85,1,0.55,0.85,1,1,1,0.28,0.5,0,1,1,1,1,0.7,0.85,1,1,1,0.4,1,1,1,1,1,1,1,1,1
0.85,0.46,0.85,1,0.85,0.61,0.5,0.61,1,1,0.7,0.85,0.85,1,0.85,0.33,1,0,0.85,1,1,1,1,1,0.7,1,1,1,1,1,1,1,1,1,1,1
0.7,0.85,0.61,1,0.85,0.85,0.55,0.85,1,0.61,0.85,0.85,1,0.85,1,0.85,1,0.85,0,1,0.85,0.85,1,0.85,1,0.7,1,1,1,1,1,0.7,1,1,1,1
1,1,1,0.85,0.85,1,0.85,0.85,0.5,1,1,0.37,1,0.85,1,0.85,1,1,1,0,0.7,0.85,1,1,0.61,1,1,0.5,1,1,1,1,1,0.5,1,1
1,1,0.43,1,1,1,1,0.85,1,0.5,1,0.85,0.85,1,0.7,1,1,1,0.85,0.7,0,0.5,1,1,0.7,0.85,0.7,1,1,1,1,1,1,1,1,1
0.55,0.85,0.85,1,1,1,1,0.85,1,0.85,0.61,0.85,1,0.85,1,1,0.7,1,0.85,0.85,0.5,0,0.85,0.46,0.28,1,1,1,1,1,1,1,1,1,1,1
1,1,1,1,0.7,1,1,0.85,1,1,0.7,1,0.19,0.31,1,0.85,0.85,1,1,1,1,0.85,0,0.61,1,1,1,1,1,1,1,1,1,1,1,1
0.85,1,1,1,1,1,1,0.85,1,1,0.26,0.85,0.7,0.7,1,0.85,1,1,0.85,1,1,0.46,0.61,0,0.35,0.55,1,1,1,1,1,1,1,1,1,1
0.85,1,1,1,1,0.85,1,0.85,1,1,0.5,1,1,1,0.7,0.85,1,0.7,1,0.61,0.7,0.28,1,0.35,0,0.61,1,1,1,1,1,1,1,1,1,1
0.7,0.85,0.85,0.85,1,1,0.85,0.85,1,0.7,0.85,0.55,0.7,1,0.85,1,1,1,0.7,1,0.85,1,1,0.55,0.61,0,1,1,1,1,1,1,1,0.5,1,1
1,1,0.7,0.5,1,1,1,1,1,1,1,1,1,1,0.1,1,0.4,1,1,1,0.7,1,1,1,1,1,0,1,1,1,1,1,1,1,1,1
1,1,1,1,1,1,1,1,0.2,1,1,0.6,1,1,1,1,1,1,1,0.5,1,1,1,1,1,1,1,0,1,1,1,1,1,1,1,1
1,1,1,1,1,1,1,1,1,1,1,1,1,1,1,1,1,1,1,1,1,1,1,1,1,1,1,1,0,1,1,1,1,1,1,1
1,1,1,1,0.8,0.8,1,1,1,0.7,1,1,1,1,1,1,1,1,1,1,1,1,1,1,1,1,1,1,1,0,1,1,1,1,1,1
0.8,1,1,1,1,1,1,1,1,1,1,1,1,1,1,1,1,1,1,1,1,1,1,1,1,1,1,1,1,1,0,1,1,1,1,1
1,1,1,1,1,1,1,1,1,1,1,1,1,1,1,1,1,1,0.7,1,1,1,1,1,1,1,1,1,1,1,1,0,1,1,1,1
1,1,1,1,1,1,1,1,1,1,1,1,1,1,1,1,1,1,1,1,1,1,1,1,1,1,1,1,1,1,1,1,0,1,1,1
1,1,1,1,1,1,1,1,0.7,1,1,1,1,1,1,1,1,1,1,0.5,1,1,1,1,1,0.5,1,1,1,1,1,1,1,0,1,1
1,0.5,1,1,1,1,1,1,1,1,1,1,1,1,1,1,1,1,1,1,1,1,1,1,1,1,1,1,1,1,1,1,1,1,0,1
1,1,1,1,1,1,1,1,1,1,1,1,1,1,1,1,1,1,1,1,1,1,1,1,1,1,1,1,1,1,1,1,1,1,1,0
